5253871
5262787
5233726
5260120
5259828
5262078
5232670
5258168
5234864
5260142
5253868
5252016
5262579
5260448
5254356
5250335
5251973
5250934
5261402
5254378
5250891
5251771
5257051
5248525
5254102
5257938
5253873
5257397
5255685
5259152
5258704
5224023
5224005
5250381
5262983
5263260
5263469
5263557
5263692
5263696
5263772
5264140
5264670
5264698
5264814
5256136
5264996
5265098
5254210
5265440
5265473
5265774
5265784
5265789
5265808
5265810
5265933
5266070
5266080
5266109
5266156
5245686
5266238
5264307
5267271
5267557
5267755
5268770
5268961
5269148
5266380
5269300
5269371
5269485
5269603
5270797
5271045
5271667
5271777
5272346
5272792
4603931
5273307
5273315
5273389
5273396
5273657
5273661
5273966
5274121
5274590
5275647
5276438
5276655
5276732
5277070
5277176
5277204
5277426
5278006
5278291
5278614
5275176
5278979
5280080
5280376
5280895
5281025
5281038
5281261
5281495
5281569
5281596
5283043
