5249575
5258573
5242020
5233108
5241302
5260451
5257565
5262631
5254428
5257822
5224028
5260691
5248898
5251561
5259042
5252856
5243891
5259201
5262930
5262923
5262957
5263244
5263635
5264052
5264122
5256862
5264183
5264971
5265092
5265139
5265147
5265414
5265703
5247620
5224045
5265913
5265926
5266040
5266081
5266214
5266380
5266945
5267002
5267094
5267447
5269047
5269526
5269592
5269605
5269883
5270090
5270146
5270479
5270981
5271283
5271349
5271448
5272095
5272748
4603931
5273426
5273700
5273701
5273760
5274557
5274889
5274924
5275163
5275734
5276012
5276633
5276810
5277156
5277179
5277301
5278003
5278056
5278133
5278152
5278536
5278550
5278639
5275176
5279621
5279624
5280672
5280917
5280994
5281689
5281872
5282079
5282306
5282473
5283113
5283797
5283825
