5257813
5254938
5259517
5259452
5260061
5262189
5261161
5259372
5259410
5236993
5245558
5260639
4973620
5259428
5256941
5250195
5263681
5263794
5264151
5264163
5264607
5264790
5265679
5265763
5265992
5258759
5266190
5266318
5267489
5267962
5268386
5268390
5262261
5269040
5269070
5269448
5269528
5269677
5269882
5269885
5270238
5271442
5271660
5271937
5272096
5272606
5272825
5272974
5273348
5273983
5274214
5258120
5275939
5275999
5276779
5276949
5277009
5277312
5277345
5277646
5278425
5278578
5279366
5280144
5280744
5280788
5281609
5281894
5281941
5282227
5282376
5282444
5283721
5284007
