4990210
5217795
5046527
5219854
5244677
5244666
5244660
5243977
5243903
5232312
5223470
5243067
4706637
5228444
4138816
5238857
5241104
5201618
4556579
5172349
4551753
5172190
5180276
5235641
5227798
5236673
5235297
5240600
5236658
5216880
4486566
5227625
5244386
5234108
5217422
4417402
5010235
4318198
5225096
5242080
5242146
4457201
5226461
5215686
5235669
5219100
4363083
5230293
5233172
5227406
5143686
3705241
5214049
4973620
5183728
5230368
5220944
5238665
5236987
5236984
5241796
5235531
5242490
5239010
5187697
5236993
5244201
5243711
5222637
5197626
5128961
5197636
5239979
5225102
5225099
5218739
5080899
5242880
4990210
5217795
5046527
5219854
5244677
5244666
5244660
5243977
5243903
5232312
5223470
5243067
4706637
5228444
4138816
5238857
5241104
5201618
4556579
5172349
4551753
5172190
5180276
5235641
5227798
5236673
5235297
5240600
5236658
5216880
4486566
5227625
5244386
5234108
5217422
4417402
5010235
4318198
5225096
5242080
5242146
4457201
5226461
5215686
5235669
5219100
4363083
5230293
5233172
5227406
5143686
3705241
5214049
4973620
5183728
5230368
5220944
5238665
5236987
5236984
5241796
5235531
5242490
5239010
5187697
5236993
5244201
5243711
5222637
5197626
5128961
5197636
5239979
5225102
5225099
5218739
5080899
5242880
4990210
5217795
5046527
5219854
5244677
5244666
5244660
5243977
5243903
5232312
5223470
5243067
4706637
5228444
4138816
5238857
5241104
5201618
4556579
5172349
4551753
5172190
5180276
5235641
5227798
5236673
5235297
5240600
5236658
5216880
4486566
5227625
5244386
5234108
5217422
4417402
5010235
4318198
5225096
5242080
5242146
4457201
5226461
5215686
5235669
5219100
4363083
5230293
5233172
5227406
5143686
3705241
5214049
4973620
5183728
5230368
5220944
5238665
5236987
5236984
5241796
5235531
5242490
5239010
5187697
5236993
5244201
5243711
5222637
5197626
5128961
5197636
5239979
5225102
5225099
5218739
5080899
5242880
4990210
5217795
5046527
5219854
5244677
5244666
5244660
5243977
5243903
5232312
5223470
5243067
4706637
5228444
4138816
5238857
5241104
5201618
4556579
5172349
4551753
5172190
5180276
5235641
5227798
5236673
5235297
5240600
5236658
5216880
4486566
5227625
5244386
5234108
5217422
4417402
5010235
4318198
5225096
5242080
5242146
4457201
5226461
5215686
5235669
5219100
4363083
5230293
5233172
5227406
5143686
3705241
5214049
4973620
5183728
5230368
5220944
5238665
5236987
5236984
5241796
5235531
5242490
5239010
5187697
5236993
5244201
5243711
5222637
5197626
5128961
5197636
5239979
5225102
5225099
5218739
5080899
5242880
4990210
5217795
5046527
5219854
5244677
5244666
5244660
5243977
5243903
5232312
5223470
5243067
4706637
5228444
4138816
5238857
5241104
5201618
4556579
5172349
4551753
5172190
5180276
5235641
5227798
5236673
5235297
5240600
5236658
5216880
4486566
5227625
5244386
5234108
5217422
4417402
5010235
4318198
5225096
5242080
5242146
4457201
5226461
5215686
5235669
5219100
4363083
5230293
5233172
5227406
5143686
3705241
5214049
4973620
5183728
5230368
5220944
5238665
5236987
5236984
5241796
5235531
5242490
5239010
5187697
5236993
5244201
5243711
5222637
5197626
5128961
5197636
5239979
5225102
5225099
5218739
5080899
5242880
4990210
5217795
5046527
5219854
5244677
5244666
5244660
5243977
5243903
5232312
5223470
5243067
4706637
5228444
4138816
5238857
5241104
5201618
4556579
5172349
4551753
5172190
5180276
5235641
5227798
5236673
5235297
5240600
5236658
5216880
4486566
5227625
5244386
5234108
5217422
4417402
5010235
4318198
5225096
5242080
5242146
4457201
5226461
5215686
5235669
5219100
4363083
5230293
5233172
5227406
5143686
3705241
5214049
4973620
5183728
5230368
5220944
5238665
5236987
5236984
5241796
5235531
5242490
5239010
5187697
5236993
5244201
5243711
5222637
5197626
5128961
5197636
5239979
5225102
5225099
5218739
5080899
5242880
4990210
5217795
5046527
5219854
5244677
5244666
5244660
5243977
5243903
5232312
5223470
5243067
4706637
5228444
4138816
5238857
5241104
5201618
4556579
5172349
4551753
5172190
5180276
5235641
5227798
5236673
5235297
5240600
5236658
5216880
4486566
5227625
5244386
5234108
5217422
4417402
5010235
4318198
5225096
5242080
5242146
4457201
5226461
5215686
5235669
5219100
4363083
5230293
5233172
5227406
5143686
3705241
5214049
4973620
5183728
5230368
5220944
5238665
5236987
5236984
5241796
5235531
5242490
5239010
5187697
5236993
5244201
5243711
5222637
5197626
5128961
5197636
5239979
5225102
5225099
5218739
5080899
5242880
5246196
5246241
5245119
5245894
5245057
5245558
5244762
