5259427
5261522
5258172
5261223
5260224
5248856
5246497
5260149
5262716
5261238
5258588
5258992
5258595
5259203
5262238
5250904
5259517
4973620
5263011
5263228
5263605
5243330
5263984
5264023
5265101
5265111
5265254
5265674
5265716
5265756
5256685
5268138
5268159
5268814
5268937
5269087
5269488
5269614
5269792
5270172
5270360
5270391
5270612
5270672
5271119
5271143
5271931
5272032
5272293
5272513
5272542
5272552
5272989
5273117
5273382
5273406
5273504
5273550
5273855
5273898
5274157
5274366
5274471
5275029
5275104
5275355
5275542
5275673
5276095
5276045
5276646
5278013
5278264
5278306
5278893
5279006
5279273
5279394
5279730
5250630
5280222
5280716
5280736
5280809
5281072
5281887
5281898
5282286
5282962
5282990
5283353
5283385
5283412
