5209842
5213180
5024453
5162651
5245627
5241745
5244922
5232320
5224446
5229280
5232509
5233749
5248171
5220750
5244299
5221236
5236442
5218917
5205183
5206131
5218914
5196558
5196581
5250226
5250187
5249849
5250157
5249770
5249999
5056948
5249968
5249963
5183966
5246782
5220620
5234980
5247989
5183922
5249913
5232655
5249859
5211360
5236070
5211293
5249857
5243868
5248223
5248937
5229453
5164838
5205447
5246928
5141683
5249762
5240815
5180129
5247861
5248573
5234400
5244975
5235099
5232006
5228256
5243702
5194899
5234607
5239160
5039590
5220013
5248707
5220489
5227376
5248701
5220565
5250697
5238511
4876443
5247227
5231834
5248516
5220040
5220020
5090585
5222419
5118636
5233288
4946551
5245034
5117550
4496694
5242399
5238539
5227582
5249794
5250084
5246077
5227162
5221215
5227606
5243038
5240494
5243902
5238555
5232677
5070483
5090599
5191195
4239999
5239186
5133108
5246808
5234082
5133663
5227491
5067918
5249128
5209518
4196680
5245346
3999815
5226878
5226892
5224659
5245790
5238346
5118656
5210953
5168431
5168411
5164310
5184184
5246162
5231787
5242643
5241172
5241680
5242823
5239456
5246595
5244183
5232187
5236930
5250334
5250890
5221002
5235262
5225484
5250330
5223477
5243967
5236193
5250092
5226790
5250737
5223646
5245866
5113519
5133385
5226684
5219272
5240296
5217905
5225690
5221890
5242446
5229439
5226939
5241174
5242767
5236239
5219222
5248876
4984869
5228900
5097350
5220056
4724481
5246804
5203275
5243597
5237413
5226872
5164385
5184055
5248813
5249617
5117203
5219270
5243886
5243066
5225834
5227866
5245517
5239777
5247480
5225733
5200152
5237037
5249197
5234672
5227000
5221133
5248183
5248884
5088601
5133418
5249678
5245125
5235174
5233550
5243963
5223485
5188544
5213714
5227983
5184946
3836798
5230554
5184035
5184082
5177688
5220192
5225884
5223727
5243074
5237547
5248132
5247279
5238138
5240297
5246987
5240180
5250441
5236639
5231582
5224419
5244873
5244780
5246049
5247969
5230901
5249343
5059907
5238811
5115531
5248101
5250225
5245043
5136675
5232300
5215279
5250855
5112343
5210851
5229518
5238078
5064309
5240087
5244988
5211646
5184074
5146401
5220463
5226796
5234383
5243623
5243610
5184027
5062625
5250834
5232137
5138017
5249475
5246974
5219214
5234905
5088900
4605061
5243230
5221740
5230491
5234126
5231796
5242272
5225420
5249010
5243974
5241839
5241092
5221418
5233827
5240707
5247127
5096468
5184858
5221876
5234788
5077348
5217777
4984952
5248688
5219206
5230134
5184134
5183847
5224603
5224038
5226879
5244200
5246750
5238224
5243075
5225131
5242099
5202818
5248817
5233246
5165507
5243231
4924964
5237998
5227571
5229525
5250747
5235291
5244046
5176731
5247428
5080777
5220476
5230605
5229344
5213755
5208815
5232404
5234511
5208671
5244445
5249497
4744371
5234409
5080341
5217364
5242458
5250431
5227192
5203775
5243077
5221931
5230447
5232217
5248902
5224370
5225137
5204789
5188804
5241912
5238983
5235721
5250123
5249806
5113541
5249558
5149089
5092993
5220322
5228933
5226910
4984889
5239274
4924138
5242973
5233553
5244060
5228135
5249169
5229105
5211632
5230576
5249228
5160659
5193828
5203568
5239155
5234793
5240505
5216377
5242424
5056814
4981605
4981632
5244652
5116059
5098328
5249732
5229411
5219900
5246636
5234700
5183657
5227188
5237893
5160514
5225879
5181401
5240454
5235058
5249237
5236290
5228497
5250707
5223234
5240483
5236089
5105754
5160670
5085399
5212937
5226948
5234475
5237003
5228128
5219408
5057026
5247266
5239778
5238888
5164189
5206457
5235656
5208832
5141915
5172214
5232513
5219660
5249464
5158735
5158728
5229624
5239905
5235671
5228048
5232651
5137528
5240801
5245424
5248684
5227566
5215081
5239744
5155969
5246847
5164326
5184048
5149601
5226934
5203681
5176656
5235741
5224686
5203671
4754737
5226903
5247796
5239250
5230032
5250501
5219463
5223138
5140588
5240184
5233372
5226598
5218961
5232136
5247252
5228170
5249544
5239692
5240389
5230410
5224978
5218896
4480116
5243901
5228915
5246770
5244937
4908367
5249041
5218321
5218754
5229145
5247871
5227136
5222151
5234405
5052090
5249364
5168490
5160655
5160654
5160666
5240077
5232917
5243653
5221701
5246053
5215403
4829862
5218781
5225684
5249775
5134554
5244751
5221650
5245039
5192457
5232675
5247803
5243012
5249524
5218636
5231284
5240017
5169371
5241167
5243830
5243809
5243699
5243677
5234470
5224140
5146406
5243639
5247715
5108803
5229730
5243744
5236135
5229969
5228650
5212368
5158739
5177412
5249997
5246244
5246388
5223005
5243072
5227059
5226317
5190161
5206452
5229114
5241403
5212382
5226408
5217784
5240866
5220187
5250581
5223881
5242043
5143045
5222273
5244112
5184094
5228460
5248924
5240210
5243712
5247999
5235510
5239885
5223601
5231051
5247765
5218341
5249465
5237853
5232676
5246452
5247726
5220858
5227205
4765111
5237368
5221975
5244956
5225988
5221204
5203645
5172565
5184113
5240211
5243627
5225563
5234410
5241395
5200133
5226415
5227785
5232239
5237636
5214718
5237689
5247807
5249173
5221799
5245090
5244520
5220524
5209622
5184141
5247947
5161332
5248094
5250015
5064597
5184114
5219595
5240528
5241038
5229139
5242765
4965623
5250433
5241061
5220724
5221393
5233183
5247213
5244473
5109932
5236999
5248770
5227173
5233667
5245867
5243070
5245633
5244384
5230361
5244687
5221847
5236520
5244488
5184126
5220513
5074294
5242687
5247242
5225412
5239889
5219330
5182773
5234046
5227269
5239914
5238228
5231918
5247794
5242319
5248510
5246994
5241901
5183222
5243818
5189645
5210935
5209404
5218201
5168499
5206832
5234198
5249398
5242310
5224483
5244443
5232268
5241850
5250476
5233215
5190300
5228418
5164231
5220597
5234492
5218025
5213794
5245975
5244711
5187372
5235974
5234753
5132286
5245833
5213645
5233316
5218196
5247734
5235369
5242602
5243065
5226795
5208553
5242225
5210749
5207506
5219661
5231174
5237817
5236148
5173881
5244339
5237439
5237746
5250668
5176137
5233095
5176275
5249276
5224632
5250566
5078333
5250500
5220686
5057935
5206624
5237648
5238533
5249397
5236359
5246930
5187356
5164202
5228468
5243428
5213726
5168529
5234416
5243767
5160175
5243709
5203605
5247038
5219195
5248141
5149618
5197867
5235250
5248462
5183981
5206449
5247025
5248692
5235758
5245550
5231249
5244441
5219925
5219157
4984973
5203617
5184081
5241087
5240345
5243544
5035947
5243681
5244698
5228240
5208641
5181570
5238973
5242071
5250748
5220932
5176507
5203744
5189572
5201217
5164370
5248048
5244417
5224018
5244404
5241286
5243523
5225638
5242234
5243684
5223255
5224428
5164884
5181705
5239027
5243707
5243859
5246960
5219542
5250753
5120794
5016847
5191823
5217788
5206637
5217303
5242706
5217319
5249747
5219427
5244782
5248344
5233092
5241060
5189524
5243604
5243685
5240253
5243601
5243794
5238782
5243374
5249188
5243055
5157059
5230022
5246251
5225833
5239132
5180395
5241943
5244385
5203539
5150174
5244454
5248226
5223215
5171182
5243889
5244664
5223359
5241412
5246628
5241327
5239000
5248054
5238466
5195110
5233714
5227106
5234265
5248954
5238051
5240442
5219426
5241790
5208292
5219201
5180415
5238548
5203169
5244526
5235142
5235623
5250589
5238849
5193148
5243474
5243644
5247931
5248320
5241882
5223290
5233584
5212781
5238836
5242235
5236582
5143664
5238711
5234351
5243549
5220748
5216103
5246587
5236703
5238106
5090671
5216321
5180863
5242250
5245106
5211166
5238354
5219379
5227820
5197841
5214050
5244596
5235353
5241311
5249227
5233050
5233556
5226946
5122069
5239464
5244458
5225688
5226661
5248042
5242745
5222763
5162065
4873311
5238247
5234649
5226963
5249136
5216715
5168570
5246963
5231406
5219656
5244429
5228369
5249388
5216415
5201012
5177202
5242006
5160728
5235147
5104358
5240379
5238963
5087571
5238581
5210900
5225460
5246868
5190045
5183368
5083653
5244420
5250121
5247668
5250718
5244861
5248642
5160195
5236741
5239867
5241147
5143744
5230046
5243023
5242769
5250976
5219228
